6 0
5.91665 0.747447
5.67657 1.4575
5.30603 2.10081
4.83918 2.66036
4.3095 3.13103
3.74436 3.51619
3.16331 3.82378
2.5786 4.06323
1.99683 4.24348
1.42057 4.37206
0.849768 4.45464
0.282801 4.495
-0.282801 4.495
-0.849768 4.45464
-1.42057 4.37206
-1.99683 4.24348
-2.5786 4.06323
-3.16331 3.82378
-3.74436 3.51619
-4.3095 3.13103
-4.83918 2.66036
-5.30603 2.10081
-5.67657 1.4575
-5.91665 0.747447
-6 -1.92975e-15
-5.91665 -0.747447
-5.67657 -1.4575
-5.30603 -2.10081
-4.83918 -2.66036
-4.3095 -3.13103
-3.74436 -3.51619
-3.16331 -3.82378
-2.5786 -4.06323
-1.99683 -4.24348
-1.42057 -4.37206
-0.849768 -4.45464
-0.282801 -4.495
0.282801 -4.495
0.849768 -4.45464
1.42057 -4.37206
1.99683 -4.24348
2.5786 -4.06323
3.16331 -3.82378
3.74436 -3.51619
4.3095 -3.13103
4.83918 -2.66036
5.30603 -2.10081
5.67657 -1.4575
5.91665 -0.747447
