1.8197591592274446e+02
1.8165606939622376e+02
1.8095457397833783e+02
1.8103484895513009e+02
1.8060449320936260e+02
1.7941858204847091e+02
1.7888854850898610e+02
1.7873146163899006e+02
1.7869628999464493e+02
1.7971064172673178e+02
1.8137747716055995e+02
1.8233073707006443e+02
1.8290577442784718e+02
1.8316622039602933e+02
1.8323779569624708e+02
1.8257693004209341e+02
1.8194569926659594e+02
1.8232305888327218e+02
1.8250887696979262e+02
1.8268135767498501e+02
1.8335894082827400e+02
1.8232442672819508e+02
1.8181144730363059e+02
1.8121161512325239e+02
1.7998813741645375e+02
1.7912658325018722e+02
1.7792829555673933e+02
1.7763050118269706e+02
1.7709007913150202e+02
1.7631102599340608e+02
1.7617642399622656e+02
1.7586768369592261e+02
1.7592835806514333e+02
1.7585998524055267e+02
1.7645696118581537e+02
1.7739136115200509e+02
1.7840031702856641e+02
1.7833661640631985e+02
1.7930969066232899e+02
1.8011626950601027e+02
1.8092785931070767e+02
1.8235776145620858e+02
1.8322933059607638e+02
1.8435783844213904e+02
1.8469816948347588e+02
1.8469765235106419e+02
1.8496948161046885e+02
1.8500068845371388e+02
1.8422588811673512e+02
1.8358453767290194e+02
