4.7950939598809903e+00 0.0000000000000000e+00
4.7861938966606008e+00 6.0463690008769033e-01
4.7531792648717408e+00 1.2204090082238155e+00
4.8103258398493498e+00 1.9045427314397796e+00
4.5648994235034008e+00 2.5095746948630890e+00
3.9812365876987816e+00 2.8925376950141093e+00
3.5197888996628359e+00 3.3053017840659771e+00
3.0523788930234002e+00 3.6896922564384371e+00
2.4760836077770194e+00 3.9016834460580956e+00
2.0401452032634251e+00 4.3355292458825669e+00
1.5871900757629942e+00 4.8848687665437094e+00
9.7398435393462801e-01 5.1058047884572355e+00
3.2187929704768981e-01 5.1161249212363522e+00
-3.2402733529818895e-01 5.1502670115352407e+00
-9.7587180620196634e-01 5.1156991597432020e+00
-1.5468987737478610e+00 4.7608648896403762e+00
-2.0411246577711868e+00 4.3376106926622464e+00
-2.6574331363114556e+00 4.1874445775525544e+00
-3.2043833941588624e+00 3.8734341346388121e+00
-3.7359574363113626e+00 3.5082975517700410e+00
-4.2772450249492611e+00 3.1076004133249899e+00
-4.4145430915666211e+00 2.4269156018942035e+00
-4.6473520545565963e+00 1.8400168451425911e+00
-4.9460610576300805e+00 1.2699326353136489e+00
-4.9673972809963685e+00 6.2752821100315814e-01
-4.9198388715929324e+00 -1.5823408644336281e-15
-4.7493367143852305e+00 -5.9998075515956795e-01
-4.7948895106655511e+00 -1.2311183791238787e+00
-4.6205665652619210e+00 -1.8294117197014808e+00
-4.2455985865662980e+00 -2.3340375743078723e+00
-3.9556706378984083e+00 -2.8739629452152897e+00
-3.5725506941668277e+00 -3.3548484070243232e+00
-3.0778099622780841e+00 -3.7204331384162375e+00
-2.4992738658177038e+00 -3.9382254455378276e+00
-2.0043166800012946e+00 -4.2593897582660674e+00
-1.5456378245378302e+00 -4.7569840870154509e+00
-9.6064480836098898e-01 -5.0358764416715909e+00
-3.0644314287136060e-01 -4.8707742764638757e+00
3.0768805388081527e-01 -4.8905615703302345e+00
9.2415221263225000e-01 -4.8445755555101808e+00
1.5188962282836451e+00 -4.6746819164661639e+00
2.1620008211158721e+00 -4.5944856153259241e+00
2.7564190369142372e+00 -4.3434213985944581e+00
3.3482223540435569e+00 -4.0473055690383033e+00
3.7536134778535364e+00 -3.5248776783834503e+00
4.0366730319720556e+00 -2.9328146293800383e+00
4.4834354623886021e+00 -2.4647895032541776e+00
4.8979937378982461e+00 -1.9392529077497598e+00
5.0811515166871075e+00 -1.3046179699015348e+00
5.0880132467370203e+00 -6.4276555098585020e-01
